1460,0.02417,0.8346,0.03687,194,82.45,0.1597,12.93,1.077,0.005553,0.001421,0.002827,0,0,0,0,0,0,0,0,0
1461,0.02397,0.8362,0.03658,197.2,82.79,0.1583,12.9,1.078,0.005464,0.001361,0.002799,0,0,0,0,0,0,0,0,0
1462,0.02379,0.8378,0.03632,200.4,83.17,0.1571,12.88,1.079,0.005383,0.001305,0.002772,0,0,0,0,0,0,0,0,0
1463,0.02363,0.8393,0.03608,203.6,83.59,0.1559,12.86,1.081,0.005307,0.001252,0.002747,0,0,0,0,0,0,0,0,0
1464,0.02348,0.8407,0.03586,206.8,84.03,0.1548,12.83,1.083,0.005237,0.001202,0.002724,0,0,0,0,0,0,0,0,0
1465,0.02335,0.8421,0.03566,210,84.51,0.1537,12.81,1.086,0.005172,0.001156,0.002701,0,0,0,0,0,0,0,0,0
1466,0.02322,0.8434,0.03548,213.2,85.02,0.1527,12.78,1.09,0.005112,0.001112,0.00268,0,0,0,0,0,0,0,0,0
1467,0.02311,0.8448,0.03531,216.4,85.56,0.1518,12.76,1.094,0.005056,0.001071,0.00266,0,0,0,0,0,0,0,0,0
1468,0.02302,0.846,0.03516,219.6,86.13,0.1509,12.74,1.099,0.005005,0.001032,0.002642,0,0,0,0,0,0,0,0,0
1469,0.02293,0.8473,0.03503,222.8,86.73,0.1501,12.71,1.105,0.004959,0.0009955,0.002624,0,0,0,0,0,0,0,0,0
1470,0.02285,0.8485,0.03491,226.1,87.36,0.1493,12.69,1.111,0.004916,0.0009611,0.002608,0,0,0,0,0,0,0,0,0
1471,0.02279,0.8497,0.0348,229.3,88.02,0.1485,12.67,1.118,0.004877,0.0009287,0.002593,0,0,0,0,0,0,0,0,0
1472,0.02273,0.8508,0.03471,232.5,88.71,0.1479,12.64,1.126,0.004842,0.0008982,0.002579,0,0,0,0,0,0,0,0,0
1473,0.02268,0.8519,0.03463,235.7,89.43,0.1472,12.62,1.134,0.004811,0.0008695,0.002566,0,0,0,0,0,0,0,0,0
1474,0.02265,0.853,0.03457,238.9,90.18,0.1467,12.6,1.142,0.004783,0.0008424,0.002554,0,0,0,0,0,0,0,0,0
1475,0.02262,0.8541,0.03452,242.1,90.96,0.1461,12.57,1.152,0.004758,0.0008168,0.002543,0,0,0,0,0,0,0,0,0
1476,0.02227,0.8568,0.03404,250.3,91.77,0.1425,12.55,1.146,0.004577,0.0007439,0.002469,0,0,0,0,0,0,0,0,0
1477,0.02191,0.8595,0.03353,259.1,92.6,0.139,12.52,1.14,0.004399,0.0006773,0.002398,0,0,0,0,0,0,0,0,0
1478,0.02157,0.862,0.03307,268,93.47,0.1358,12.5,1.135,0.004235,0.0006184,0.002332,0,0,0,0,0,0,0,0,0
1479,0.02127,0.8644,0.03263,276.8,94.36,0.1327,12.47,1.131,0.004086,0.0005661,0.00227,0,0,0,0,0,0,0,0,0
1480,0.02099,0.8667,0.03223,285.6,95.28,0.1299,12.44,1.128,0.003949,0.0005195,0.002213,0,0,0,0,0,0,0,0,0
1481,0.02073,0.8689,0.03186,294.4,96.22,0.1272,12.42,1.126,0.003823,0.0004779,0.00216,0,0,0,0,0,0,0,0,0
1482,0.02049,0.8709,0.03151,303.2,97.2,0.1247,12.39,1.124,0.003707,0.0004407,0.002111,0,0,0,0,0,0,0,0,0
1483,0.02027,0.8729,0.03119,312,98.2,0.1223,12.36,1.123,0.0036,0.0004072,0.002064,0,0,0,0,0,0,0,0,0
1484,0.02007,0.8748,0.03089,320.8,99.23,0.1201,12.34,1.123,0.0035,0.000377,0.002021,0,0,0,0,0,0,0,0,0
1485,0.01988,0.8766,0.03061,329.7,100.3,0.118,12.31,1.124,0.003409,0.0003497,0.00198,0,0,0,0,0,0,0,0,0
1486,0.01971,0.8783,0.03036,338.5,101.4,0.116,12.28,1.125,0.003323,0.000325,0.001942,0,0,0,0,0,0,0,0,0
1487,0.01955,0.88,0.03012,347.3,102.5,0.1142,12.26,1.127,0.003244,0.0003026,0.001905,0,0,0,0,0,0,0,0,0
1488,0.01941,0.8816,0.0299,356.1,103.6,0.1124,12.23,1.129,0.00317,0.0002822,0.001871,0,0,0,0,0,0,0,0,0
1489,0.01927,0.8831,0.0297,364.9,104.7,0.1107,12.2,1.132,0.003102,0.0002636,0.001839,0,0,0,0,0,0,0,0,0
1490,0.01915,0.8846,0.02951,373.7,105.9,0.1091,12.18,1.135,0.003038,0.0002466,0.001809,0,0,0,0,0,0,0,0,0
1491,0.01904,0.8861,0.02934,382.5,107.1,0.1076,12.15,1.139,0.002978,0.0002311,0.00178,0,0,0,0,0,0,0,0,0
1492,0.01894,0.8875,0.02917,391.4,108.3,0.1062,12.12,1.144,0.002922,0.0002168,0.001753,0,0,0,0,0,0,0,0,0
1493,0.01884,0.8888,0.02903,400.2,109.6,0.1048,12.1,1.148,0.00287,0.0002037,0.001727,0,0,0,0,0,0,0,0,0
1494,0.01876,0.8901,0.02889,409,110.9,0.1035,12.07,1.154,0.002821,0.0001917,0.001703,0,0,0,0,0,0,0,0,0
1495,0.01868,0.8914,0.02876,417.8,112.1,0.1023,12.04,1.159,0.002775,0.0001806,0.00168,0,0,0,0,0,0,0,0,0
1496,0.01861,0.8926,0.02865,426.6,113.5,0.1011,12.01,1.165,0.002732,0.0001703,0.001658,0,0,0,0,0,0,0,0,0
1497,0.01855,0.8939,0.02854,435.4,114.8,0.09997,11.99,1.172,0.002692,0.0001608,0.001637,0,0,0,0,0,0,0,0,0
1498,0.01849,0.895,0.02844,444.2,116.1,0.09891,11.96,1.179,0.002654,0.000152,0.001617,0,0,0,0,0,0,0,0,0
1499,0.01844,0.8962,0.02835,453.1,117.5,0.0979,11.93,1.186,0.002618,0.0001439,0.001599,0,0,0,0,0,0,0,0,0
1500,0.01839,0.8973,0.02826,461.9,118.9,0.09693,11.91,1.194,0.002585,0.0001364,0.001581,0,0,0,0,0,0,0,0,0
1501,0.01835,0.8983,0.02819,470.7,120.3,0.09601,11.88,1.202,0.002553,0.0001293,0.001564,0,0,0,0,0,0,0,0,0
1502,0.01832,0.8994,0.02812,479.5,121.7,0.09514,11.85,1.21,0.002524,0.0001228,0.001548,0,0,0,0,0,0,0,0,0
1503,0.01829,0.9004,0.02805,488.3,123.2,0.0943,11.83,1.219,0.002496,0.0001167,0.001532,0,0,0,0,0,0,0,0,0
1504,0.01826,0.9014,0.028,497.1,124.6,0.09351,11.8,1.228,0.00247,0.000111,0.001518,0,0,0,0,0,0,0,0,0
1505,0.01824,0.9024,0.02794,505.9,126.1,0.09275,11.77,1.237,0.002445,0.0001057,0.001504,0,0,0,0,0,0,0,0,0
1506,0.01832,0.9029,0.02804,510.8,127.6,0.09279,11.75,1.254,0.002455,0.0001033,0.001505,0,0,0,0,0,0,0,0,0
1507,0.01849,0.9031,0.02828,512.3,129.1,0.09344,11.74,1.277,0.002493,0.0001029,0.001517,0,0,0,0,0,0,0,0,0
1508,0.01865,0.9032,0.02854,513.5,130.6,0.09416,11.74,1.302,0.002535,0.0001026,0.00153,0,0,0,0,0,0,0,0,0
1509,0.01882,0.9033,0.0288,514.7,132.1,0.0949,11.74,1.327,0.002578,0.0001024,0.001543,0,0,0,0,0,0,0,0,0
1510,0.01898,0.9034,0.02905,515.9,133.7,0.09567,11.74,1.353,0.002622,0.0001023,0.001558,0,0,0,0,0,0,0,0,0
1511,0.01914,0.9036,0.02931,517.1,135.2,0.09648,11.74,1.379,0.002668,0.0001023,0.001572,0,0,0,0,0,0,0,0,0
1512,0.0193,0.9037,0.02956,518.3,136.8,0.09731,11.75,1.407,0.002714,0.0001023,0.001588,0,0,0,0,0,0,0,0,0
1513,0.01946,0.9038,0.02982,519.6,138.4,0.09818,11.75,1.435,0.002762,0.0001024,0.001604,0,0,0,0,0,0,0,0,0
1514,0.01962,0.9039,0.03007,520.8,140,0.09908,11.75,1.464,0.00281,0.0001026,0.00162,0,0,0,0,0,0,0,0,0
1515,0.01978,0.9041,0.03032,522,141.6,0.1,11.75,1.493,0.00286,0.0001028,0.001638,0,0,0,0,0,0,0,0,0
1516,0.01994,0.9042,0.03056,523.2,143.2,0.101,11.75,1.523,0.002911,0.0001031,0.001656,0,0,0,0,0,0,0,0,0
1517,0.02009,0.9043,0.03081,524.4,144.8,0.102,11.75,1.554,0.002964,0.0001035,0.001674,0,0,0,0,0,0,0,0,0
1518,0.02025,0.9044,0.03105,525.6,146.4,0.103,11.75,1.586,0.003017,0.0001039,0.001694,0,0,0,0,0,0,0,0,0
1519,0.0204,0.9046,0.03129,526.8,148.1,0.1041,11.76,1.618,0.003072,0.0001044,0.001714,0,0,0,0,0,0,0,0,0
1520,0.02055,0.9047,0.03153,528,149.7,0.1052,11.76,1.652,0.003128,0.000105,0.001734,0,0,0,0,0,0,0,0,0
1521,0.0207,0.9048,0.03176,529.2,151.4,0.1063,11.76,1.686,0.003185,0.0001056,0.001756,0,0,0,0,0,0,0,0,0
1522,0.02084,0.9049,0.03199,530.4,153,0.1075,11.76,1.721,0.003244,0.0001064,0.001778,0,0,0,0,0,0,0,0,0
1523,0.02099,0.905,0.03222,531.7,154.7,0.1087,11.76,1.756,0.003304,0.0001072,0.001801,0,0,0,0,0,0,0,0,0
1524,0.02113,0.9052,0.03245,532.9,156.3,0.1099,11.76,1.793,0.003365,0.0001081,0.001824,0,0,0,0,0,0,0,0,0
1525,0.02127,0.9053,0.03267,534.1,158,0.1112,11.77,1.83,0.003427,0.000109,0.001849,0,0,0,0,0,0,0,0,0
1526,0.0214,0.9054,0.03288,535.3,159.6,0.1125,11.77,1.868,0.003491,0.0001101,0.001874,0,0,0,0,0,0,0,0,0
1527,0.02154,0.9055,0.0331,536.5,161.3,0.1139,11.77,1.908,0.003556,0.0001112,0.0019,0,0,0,0,0,0,0,0,0
1528,0.02167,0.9056,0.03331,537.7,163,0.1153,11.77,1.947,0.003622,0.0001124,0.001927,0,0,0,0,0,0,0,0,0
1529,0.0218,0.9057,0.03351,538.9,164.6,0.1167,11.77,1.988,0.003689,0.0001137,0.001954,0,0,0,0,0,0,0,0,0
1530,0.02192,0.9058,0.03371,540.1,166.3,0.1182,11.77,2.03,0.003758,0.000115,0.001983,0,0,0,0,0,0,0,0,0
1531,0.02205,0.906,0.03391,541.3,167.9,0.1197,11.77,2.072,0.003828,0.0001165,0.002012,0,0,0,0,0,0,0,0,0
1532,0.02217,0.9061,0.0341,542.5,169.6,0.1212,11.78,2.116,0.0039,0.0001181,0.002042,0,0,0,0,0,0,0,0,0
1533,0.02228,0.9062,0.03429,543.8,171.3,0.1228,11.78,2.16,0.003973,0.0001197,0.002073,0,0,0,0,0,0,0,0,0
1534,0.0224,0.9063,0.03448,545,172.9,0.1244,11.78,2.205,0.004047,0.0001215,0.002105,0,0,0,0,0,0,0,0,0
1535,0.02251,0.9064,0.03466,546.2,174.6,0.1261,11.78,2.251,0.004122,0.0001234,0.002138,0,0,0,0,0,0,0,0,0
1536,0.02265,0.9064,0.03488,546.3,176.2,0.1281,11.78,2.302,0.004213,0.0001261,0.002177,0,0,0,0,0,0,0,0,0
1537,0.02302,0.9064,0.03545,540.8,177.8,0.1301,11.79,2.354,0.004352,0.0001291,0.002218,0,0,0,0,0,0,0,0,0
1538,0.02341,0.9064,0.03608,534.8,179.5,0.1323,11.8,2.408,0.004503,0.0001324,0.002262,0,0,0,0,0,0,0,0,0
1539,0.0238,0.9063,0.03671,528.7,181.1,0.1346,11.81,2.464,0.004661,0.0001359,0.002307,0,0,0,0,0,0,0,0,0
1540,0.0242,0.9063,0.03735,522.6,182.7,0.137,11.82,2.522,0.004826,0.0001398,0.002356,0,0,0,0,0,0,0,0,0
1541,0.0246,0.9063,0.03799,516.6,184.3,0.1395,11.83,2.583,0.005,0.000144,0.002407,0,0,0,0,0,0,0,0,0
1542,0.025,0.9063,0.03864,510.5,185.9,0.1422,11.84,2.645,0.005182,0.0001486,0.002461,0,0,0,0,0,0,0,0,0
1543,0.0254,0.9062,0.03929,504.4,187.5,0.1449,11.86,2.71,0.005372,0.0001536,0.002518,0,0,0,0,0,0,0,0,0
1544,0.02581,0.9062,0.03995,498.3,189.1,0.1479,11.87,2.777,0.005572,0.0001591,0.002579,0,0,0,0,0,0,0,0,0
1545,0.02622,0.9062,0.04061,492.3,190.7,0.1509,11.88,2.846,0.005782,0.000165,0.002642,0,0,0,0,0,0,0,0,0
1546,0.02663,0.9062,0.04127,486.2,192.3,0.1541,11.89,2.918,0.006002,0.0001715,0.00271,0,0,0,0,0,0,0,0,0
1547,0.02704,0.9061,0.04194,480.1,193.8,0.1575,11.9,2.992,0.006233,0.0001785,0.002781,0,0,0,0,0,0,0,0,0
1548,0.02745,0.9061,0.04262,474.1,195.4,0.1611,11.91,3.07,0.006475,0.0001862,0.002856,0,0,0,0,0,0,0,0,0
1549,0.02787,0.9061,0.04329,468,196.9,0.1648,11.93,3.149,0.006729,0.0001946,0.002936,0,0,0,0,0,0,0,0,0
1550,0.02829,0.906,0.04398,461.9,198.4,0.1687,11.94,3.232,0.006997,0.0002038,0.003019,0,0,0,0,0,0,0,0,0
1551,0.02871,0.906,0.04466,455.9,199.9,0.1727,11.95,3.318,0.007278,0.0002138,0.003108,0,0,0,0,0,0,0,0,0
1552,0.02913,0.9059,0.04535,449.8,201.4,0.177,11.96,3.406,0.007573,0.0002248,0.003202,0,0,0,0,0,0,0,0,0
1553,0.02956,0.9059,0.04604,443.7,202.9,0.1815,11.97,3.498,0.007884,0.0002368,0.003301,0,0,0,0,0,0,0,0,0
1554,0.02998,0.9058,0.04674,437.7,204.4,0.1862,11.99,3.593,0.00821,0.0002501,0.003406,0,0,0,0,0,0,0,0,0
1555,0.03041,0.9058,0.04744,431.6,205.8,0.1911,12,3.692,0.008553,0.0002647,0.003517,0,0,0,0,0,0,0,0,0
1556,0.03084,0.9057,0.04815,425.5,207.3,0.1963,12.01,3.793,0.008915,0.0002808,0.003634,0,0,0,0,0,0,0,0,0
1557,0.03128,0.9057,0.04886,419.4,208.7,0.2017,12.02,3.899,0.009295,0.0002986,0.003759,0,0,0,0,0,0,0,0,0
1558,0.03171,0.9056,0.04957,413.4,210.1,0.2073,12.03,4.008,0.009695,0.0003183,0.00389,0,0,0,0,0,0,0,0,0
1559,0.03215,0.9055,0.05029,407.3,211.5,0.2132,12.04,4.121,0.01012,0.0003402,0.004029,0,0,0,0,0,0,0,0,0
1560,0.03259,0.9055,0.05101,401.2,212.8,0.2195,12.06,4.237,0.01056,0.0003645,0.004177,0,0,0,0,0,0,0,0,0
1561,0.03303,0.9054,0.05174,395.2,214.2,0.226,12.07,4.358,0.01103,0.0003917,0.004333,0,0,0,0,0,0,0,0,0
1562,0.03347,0.9053,0.05247,389.1,215.5,0.2328,12.08,4.483,0.01152,0.0004221,0.004499,0,0,0,0,0,0,0,0,0
1563,0.03392,0.9052,0.05321,383,216.8,0.2399,12.09,4.612,0.01204,0.0004562,0.004675,0,0,0,0,0,0,0,0,0
1564,0.03437,0.9051,0.05395,377,218.1,0.2473,12.1,4.745,0.01259,0.0004945,0.004861,0,0,0,0,0,0,0,0,0
1565,0.03483,0.905,0.0547,370.9,219.4,0.2551,12.12,4.883,0.01317,0.0005377,0.005059,0,0,0,0,0,0,0,0,0
1566,0.03529,0.9049,0.05545,364.8,220.7,0.2633,12.13,5.026,0.01378,0.0005867,0.005269,0,0,0,0,0,0,0,0,0
1567,0.036,0.9048,0.05661,356.2,221.9,0.2719,12.14,5.173,0.01452,0.0006424,0.005492,0,0,0,0,0,0,0,0,0
1568,0.03683,0.9047,0.058,346.6,223.1,0.281,12.17,5.329,0.01538,0.0007066,0.005734,0,0,0,0,0,0,0,0,0
1569,0.03769,0.9046,0.05947,336.8,224.3,0.2908,12.2,5.494,0.01631,0.0007811,0.005996,0,0,0,0,0,0,0,0,0
1570,0.03858,0.9044,0.06099,327,225.5,0.3012,12.23,5.666,0.01733,0.0008678,0.00628,0,0,0,0,0,0,0,0,0
1571,0.03951,0.9043,0.06257,317.2,226.7,0.3123,12.26,5.847,0.01843,0.0009694,0.006588,0,0,0,0,0,0,0,0,0
1572,0.04047,0.9041,0.06422,307.4,227.8,0.3241,12.29,6.036,0.01963,0.001089,0.006924,0,0,0,0,0,0,0,0,0
1573,0.04148,0.904,0.06593,297.7,229,0.3368,12.32,6.235,0.02095,0.001231,0.007289,0,0,0,0,0,0,0,0,0
1574,0.04253,0.9038,0.06772,287.9,230.1,0.3503,12.35,6.443,0.02238,0.0014,0.007688,0,0,0,0,0,0,0,0,0
1575,0.04363,0.9036,0.0696,278.1,231.2,0.3648,12.38,6.662,0.02396,0.001602,0.008124,0,0,0,0,0,0,0,0,0
1576,0.04479,0.9034,0.07158,268.3,232.2,0.3803,12.42,6.891,0.02568,0.001847,0.008601,0,0,0,0,0,0,0,0,0
1577,0.04602,0.9031,0.07366,258.5,233.3,0.397,12.45,7.132,0.02758,0.002145,0.009123,0,0,0,0,0,0,0,0,0
1578,0.04731,0.9029,0.07586,248.8,234.3,0.4147,12.48,7.384,0.02968,0.00251,0.009696,0,0,0,0,0,0,0,0,0
1579,0.04869,0.9026,0.0782,239,235.3,0.4338,12.51,7.648,0.032,0.00296,0.01033,0,0,0,0,0,0,0,0,0
1580,0.05016,0.9023,0.0807,229.2,236.3,0.4542,12.54,7.925,0.03458,0.003519,0.01102,0,0,0,0,0,0,0,0,0
1581,0.05173,0.9019,0.08337,219.4,237.2,0.476,12.57,8.214,0.03744,0.00422,0.01178,0,0,0,0,0,0,0,0,0
1582,0.05344,0.9016,0.08625,209.6,238.2,0.4993,12.6,8.517,0.04063,0.005105,0.01261,0,0,0,0,0,0,0,0,0
1583,0.05529,0.9012,0.08937,199.8,239.1,0.5242,12.63,8.833,0.0442,0.00623,0.01353,0,0,0,0,0,0,0,0,0
1584,0.05731,0.9007,0.09278,190.1,240,0.5507,12.67,9.162,0.0482,0.007671,0.01454,0,0,0,0,0,0,0,0,0
1585,0.05953,0.9002,0.09652,180.3,240.9,0.5788,12.7,9.503,0.05271,0.009527,0.01565,0,0,0,0,0,0,0,0,0
1586,0.06201,0.8997,0.1007,170.5,241.7,0.6085,12.73,9.855,0.0578,0.01193,0.01685,0,0,0,0,0,0,0,0,0
1587,0.06479,0.8991,0.1053,160.7,242.6,0.6397,12.76,10.22,0.06356,0.01507,0.01816,0,0,0,0,0,0,0,0,0
1588,0.06794,0.8984,0.1106,150.9,243.4,0.6721,12.79,10.58,0.07012,0.01916,0.01956,0,0,0,0,0,0,0,0,0
1589,0.07156,0.8976,0.1166,141.2,244.2,0.7054,12.82,10.95,0.0776,0.0245,0.02105,0,0,0,0,0,0,0,0,0
1590,0.07577,0.8968,0.1236,131.4,244.9,0.7389,12.85,11.32,0.08617,0.03146,0.02261,0,0,0,0,0,0,0,0,0
1591,0.08074,0.8958,0.1318,121.6,245.7,0.7721,12.88,11.68,0.09603,0.04049,0.02419,0,0,0,0,0,0,0,0,0
1592,0.08671,0.8947,0.1417,111.8,246.4,0.8039,12.92,12.02,0.1075,0.05207,0.02576,0,0,0,0,0,0,0,0,0
1593,0.09398,0.8935,0.1537,102,247.1,0.8332,12.95,12.33,0.1208,0.06673,0.02724,0,0,0,0,0,0,0,0,0
1594,0.103,0.8921,0.1685,92.26,247.8,0.8589,12.98,12.6,0.1365,0.08489,0.02857,0,0,0,0,0,0,0,0,0
1595,0.1144,0.8905,0.1872,82.48,248.5,0.8802,13.01,12.82,0.1555,0.1068,0.0297,0,0,0,0,0,0,0,0,0
1596,0.1291,0.8887,0.2112,72.7,249.1,0.8973,13.04,13,0.1788,0.1326,0.03061,0,0,0,0,0,0,0,0,0
1597,0.1426,0.8865,0.2332,65.61,249.8,0.9082,13.07,13.11,0.1998,0.1617,0.0312,0,0,0,0,0,0,0,0,0
1598,0.1465,0.8841,0.2395,64.19,250.4,0.9019,13.11,13.08,0.2038,0.1904,0.03086,0,0,0,0,0,0,0,0,0
1599,0.1508,0.8817,0.2467,63.36,251,0.8696,13.16,12.82,0.2024,0.2132,0.02913,0,0,0,0,0,0,0,0,0
1600,0.1568,0.8794,0.2566,62.54,251.5,0.8176,13.21,12.38,0.1979,0.2258,0.02644,0,0,0,0,0,0,0,0,0
1601,0.164,0.8772,0.2687,61.72,252.1,0.7556,13.27,11.82,0.1915,0.227,0.02339,0,0,0,0,0,0,0,0,0
1602,0.1719,0.875,0.2819,60.9,252.6,0.6935,13.32,11.23,0.1844,0.2188,0.02052,0,0,0,0,0,0,0,0,0
1603,0.1798,0.8729,0.2951,60.08,253.1,0.6388,13.37,10.68,0.1779,0.2055,0.01812,0,0,0,0,0,0,0,0,0
1604,0.1872,0.8708,0.3075,59.25,253.6,0.5952,13.42,10.23,0.1726,0.1911,0.0163,0,0,0,0,0,0,0,0,0
1605,0.1937,0.8686,0.3184,58.43,254.1,0.5632,13.47,9.885,0.1692,0.1782,0.01503,0,0,0,0,0,0,0,0,0
1606,0.1992,0.8663,0.3277,57.61,254.5,0.5418,13.53,9.649,0.1675,0.1681,0.0142,0,0,0,0,0,0,0,0,0
1607,0.2037,0.864,0.3353,56.79,255,0.5294,13.58,9.51,0.1675,0.161,0.01373,0,0,0,0,0,0,0,0,0
1608,0.2073,0.8614,0.3415,55.97,255.4,0.5241,13.63,9.45,0.1688,0.1566,0.01353,0,0,0,0,0,0,0,0,0
1609,0.2103,0.8587,0.3464,55.15,255.8,0.5245,13.68,9.452,0.1714,0.1546,0.01354,0,0,0,0,0,0,0,0,0
1610,0.2128,0.8558,0.3504,54.32,256.1,0.5289,13.73,9.499,0.1749,0.1545,0.01371,0,0,0,0,0,0,0,0,0
1611,0.2149,0.8526,0.3538,53.5,256.5,0.5363,13.79,9.576,0.179,0.156,0.01399,0,0,0,0,0,0,0,0,0
1612,0.2168,0.8492,0.3566,52.68,256.8,0.5456,13.84,9.671,0.1836,0.1588,0.01435,0,0,0,0,0,0,0,0,0
1613,0.2186,0.8455,0.3592,51.86,257.1,0.5561,13.89,9.773,0.1885,0.1626,0.01475,0,0,0,0,0,0,0,0,0
1614,0.2204,0.8415,0.3617,51.04,257.4,0.5669,13.94,9.872,0.1934,0.167,0.01517,0,0,0,0,0,0,0,0,0
1615,0.2223,0.8372,0.3641,50.21,257.7,0.5775,14,9.962,0.1984,0.1719,0.01559,0,0,0,0,0,0,0,0,0
1616,0.2243,0.8325,0.3666,49.39,258,0.5876,14.05,10.04,0.2032,0.177,0.016,0,0,0,0,0,0,0,0,0
1617,0.2265,0.8274,0.3692,48.57,258.2,0.5967,14.1,10.09,0.2078,0.1821,0.01637,0,0,0,0,0,0,0,0,0
1618,0.2289,0.8219,0.3718,47.75,258.5,0.6047,14.15,10.13,0.2121,0.1872,0.01669,0,0,0,0,0,0,0,0,0
1619,0.2315,0.8159,0.3746,46.93,258.7,0.6116,14.2,10.14,0.2161,0.1919,0.01698,0,0,0,0,0,0,0,0,0
1620,0.2344,0.8094,0.3774,46.1,258.9,0.6172,14.26,10.13,0.2198,0.1964,0.01721,0,0,0,0,0,0,0,0,0
1621,0.2374,0.8023,0.3802,45.28,259,0.6218,14.31,10.1,0.223,0.2004,0.0174,0,0,0,0,0,0,0,0,0
1622,0.2406,0.7946,0.383,44.46,259.2,0.6253,14.36,10.04,0.2259,0.204,0.01755,0,0,0,0,0,0,0,0,0
1623,0.244,0.7863,0.3856,43.64,259.3,0.6279,14.41,9.967,0.2284,0.2072,0.01766,0,0,0,0,0,0,0,0,0
1624,0.2476,0.7771,0.388,42.82,259.5,0.6297,14.46,9.868,0.2305,0.2098,0.01773,0,0,0,0,0,0,0,0,0
1625,0.2513,0.7671,0.39,41.99,259.6,0.6308,14.52,9.747,0.2321,0.212,0.01778,0,0,0,0,0,0,0,0,0
1626,0.2552,0.7561,0.3917,41.17,259.7,0.6312,14.57,9.603,0.2332,0.2137,0.0178,0,0,0,0,0,0,0,0,0
1627,0.2593,0.744,0.3929,40.35,259.7,0.6309,14.62,9.436,0.2339,0.2149,0.01779,0,0,0,0,0,0,0,0,0
1628,0.2626,0.7308,0.3921,39.72,259.8,0.6296,14.67,9.249,0.2329,0.2154,0.01773,0,0,0,0,0,0,0,0,0
1629,0.2656,0.7163,0.3906,39.12,259.8,0.6269,14.75,9.037,0.231,0.215,0.01761,0,0,0,0,0,0,0,0,0
1630,0.2688,0.7004,0.3886,38.52,259.8,0.6228,14.83,8.794,0.2283,0.2136,0.01744,0,0,0,0,0,0,0,0,0
1631,0.2723,0.683,0.3856,37.93,259.8,0.6174,14.9,8.52,0.2246,0.2113,0.01722,0,0,0,0,0,0,0,0,0
1632,0.2759,0.664,0.3818,37.33,259.8,0.6108,14.98,8.214,0.22,0.2081,0.01695,0,0,0,0,0,0,0,0,0
1633,0.2797,0.6433,0.3769,36.74,259.8,0.6031,15.06,7.877,0.2144,0.2039,0.01663,0,0,0,0,0,0,0,0,0
1634,0.2837,0.6208,0.3707,36.14,259.7,0.594,15.14,7.509,0.2077,0.1988,0.01626,0,0,0,0,0,0,0,0,0
1635,0.2879,0.5965,0.3633,35.55,259.7,0.5837,15.22,7.111,0.2,0.1928,0.01584,0,0,0,0,0,0,0,0,0
1636,0.2923,0.5704,0.3545,34.95,259.6,0.572,15.29,6.687,0.1913,0.1857,0.01537,0,0,0,0,0,0,0,0,0
1637,0.297,0.5427,0.3444,34.36,259.5,0.559,15.37,6.24,0.1816,0.1778,0.01486,0,0,0,0,0,0,0,0,0
1638,0.3018,0.5135,0.3329,33.76,259.4,0.5447,15.45,5.775,0.171,0.169,0.01431,0,0,0,0,0,0,0,0,0
1639,0.3069,0.4832,0.3201,33.17,259.2,0.5292,15.53,5.3,0.1598,0.1594,0.01372,0,0,0,0,0,0,0,0,0
1640,0.3122,0.4523,0.3063,32.57,259.1,0.5127,15.61,4.825,0.1481,0.1492,0.0131,0,0,0,0,0,0,0,0,0
1641,0.3176,0.4212,0.2916,31.98,258.9,0.4954,15.69,4.358,0.1363,0.1386,0.01247,0,0,0,0,0,0,0,0,0
1642,0.3231,0.3905,0.2765,31.38,258.7,0.4777,15.76,3.91,0.1246,0.1278,0.01184,0,0,0,0,0,0,0,0,0
1643,0.3287,0.3608,0.2611,30.79,258.5,0.4598,15.84,3.488,0.1133,0.1171,0.01121,0,0,0,0,0,0,0,0,0
1644,0.3342,0.3327,0.246,30.19,258.3,0.4422,15.92,3.099,0.1026,0.1067,0.01061,0,0,0,0,0,0,0,0,0
1645,0.3397,0.3064,0.2315,29.6,258.1,0.4252,16,2.748,0.09284,0.09679,0.01004,0,0,0,0,0,0,0,0,0
1646,0.345,0.2823,0.2177,29,257.8,0.409,16.08,2.436,0.084,0.08759,0.00951,0,0,0,0,0,0,0,0,0
1647,0.3502,0.2605,0.2049,28.41,257.6,0.3939,16.15,2.163,0.07615,0.07918,0.009026,0,0,0,0,0,0,0,0,0
1648,0.3551,0.2411,0.1933,27.81,257.3,0.3799,16.23,1.927,0.0693,0.0716,0.008589,0,0,0,0,0,0,0,0,0
1649,0.3598,0.2241,0.1829,27.22,257,0.3673,16.31,1.725,0.06339,0.06486,0.0082,0,0,0,0,0,0,0,0,0
1650,0.3643,0.2092,0.1738,26.62,256.6,0.356,16.39,1.554,0.05836,0.05893,0.007857,0,0,0,0,0,0,0,0,0
1651,0.3684,0.1963,0.1658,26.03,256.3,0.346,16.47,1.408,0.05411,0.05375,0.00756,0,0,0,0,0,0,0,0,0
1652,0.3724,0.1853,0.1589,25.43,255.9,0.3373,16.54,1.286,0.05057,0.04927,0.007304,0,0,0,0,0,0,0,0,0
1653,0.3761,0.1758,0.1531,24.84,255.6,0.3298,16.62,1.183,0.04763,0.04541,0.007087,0,0,0,0,0,0,0,0,0
1654,0.3796,0.1678,0.1482,24.24,255.2,0.3235,16.7,1.096,0.04523,0.04211,0.006906,0,0,0,0,0,0,0,0,0
1655,0.3829,0.161,0.1441,23.65,254.7,0.3183,16.78,1.024,0.04329,0.03928,0.006759,0,0,0,0,0,0,0,0,0
1656,0.386,0.1553,0.1409,23.05,254.3,0.3141,16.86,0.9623,0.04174,0.03689,0.006641,0,0,0,0,0,0,0,0,0
1657,0.389,0.1505,0.1382,22.46,253.9,0.311,16.94,0.9106,0.04055,0.03487,0.006552,0,0,0,0,0,0,0,0,0
1658,0.3883,0.1464,0.1349,22.34,253.4,0.3085,17.01,0.8772,0.03927,0.03315,0.006484,0,0,0,0,0,0,0,0,0
1659,0.3835,0.2024,0.1848,22.75,252.9,0.3092,17.07,1.227,0.05391,0.03153,0.006502,0,0,0,0,0,0,0,0,0
1660,0.3765,0.2426,0.2178,23.21,252.4,0.3241,17.09,1.546,0.0666,0.0326,0.006924,0,0,0,0,0,0,0,0,0
1661,0.3681,0.2697,0.2371,23.68,251.9,0.3486,17.11,1.846,0.07798,0.03555,0.007636,0,0,0,0,0,0,0,0,0
1662,0.3589,0.2873,0.2467,24.14,251.3,0.3792,17.14,2.13,0.08824,0.03992,0.008566,0,0,0,0,0,0,0,0,0
1663,0.3493,0.2978,0.2492,24.6,250.8,0.4131,17.16,2.39,0.09712,0.04541,0.009641,0,0,0,0,0,0,0,0,0
1664,0.3398,0.303,0.2471,25.07,250.2,0.4473,17.19,2.614,0.1043,0.05171,0.01078,0,0,0,0,0,0,0,0,0
1665,0.3307,0.3046,0.2421,25.53,249.6,0.4793,17.21,2.795,0.1095,0.05852,0.0119,0,0,0,0,0,0,0,0,0
1666,0.3223,0.3038,0.2357,25.99,249,0.5069,17.24,2.93,0.1127,0.0655,0.01289,0,0,0,0,0,0,0,0,0
1667,0.3147,0.3019,0.2291,26.46,248.3,0.5282,17.26,3.02,0.1142,0.07226,0.01368,0,0,0,0,0,0,0,0,0
1668,0.3081,0.2997,0.223,26.92,247.7,0.5425,17.29,3.073,0.1141,0.07843,0.01422,0,0,0,0,0,0,0,0,0
1669,0.3024,0.2981,0.2181,27.38,247,0.5496,17.31,3.096,0.1131,0.08365,0.0145,0,0,0,0,0,0,0,0,0
1670,0.2976,0.2973,0.2144,27.85,246.3,0.5502,17.34,3.099,0.1113,0.08765,0.01452,0,0,0,0,0,0,0,0,0
1671,0.2935,0.2976,0.2119,28.31,245.6,0.5456,17.36,3.088,0.1091,0.09028,0.01434,0,0,0,0,0,0,0,0,0
1672,0.2898,0.299,0.2106,28.78,244.9,0.537,17.39,3.07,0.1067,0.09154,0.01401,0,0,0,0,0,0,0,0,0
1673,0.2866,0.3013,0.2102,29.24,244.1,0.5259,17.41,3.049,0.1043,0.09158,0.0136,0,0,0,0,0,0,0,0,0
1674,0.2836,0.3043,0.2104,29.7,243.3,0.5137,17.43,3.029,0.102,0.09064,0.01314,0,0,0,0,0,0,0,0,0
1675,0.2806,0.3079,0.211,30.17,242.5,0.5015,17.46,3.01,0.0998,0.08899,0.01269,0,0,0,0,0,0,0,0,0
1676,0.2776,0.3118,0.2117,30.63,241.7,0.4898,17.48,2.996,0.09782,0.08692,0.01227,0,0,0,0,0,0,0,0,0
1677,0.2746,0.3158,0.2124,31.09,240.9,0.4793,17.51,2.986,0.09605,0.08465,0.01189,0,0,0,0,0,0,0,0,0
1678,0.2714,0.3199,0.213,31.56,240,0.4701,17.53,2.981,0.09447,0.08237,0.01157,0,0,0,0,0,0,0,0,0
1679,0.2681,0.3238,0.2134,32.02,239.2,0.4623,17.56,2.98,0.09306,0.08019,0.0113,0,0,0,0,0,0,0,0,0
1680,0.2647,0.3277,0.2135,32.48,238.3,0.4559,17.58,2.982,0.09181,0.07817,0.01108,0,0,0,0,0,0,0,0,0
1681,0.2612,0.3313,0.2133,32.95,237.4,0.4507,17.61,2.988,0.09068,0.07636,0.0109,0,0,0,0,0,0,0,0,0
1682,0.2575,0.3348,0.2128,33.41,236.4,0.4465,17.63,2.995,0.08965,0.07474,0.01075,0,0,0,0,0,0,0,0,0
1683,0.2538,0.338,0.2121,33.87,235.5,0.4432,17.66,3.004,0.08869,0.07332,0.01064,0,0,0,0,0,0,0,0,0
1684,0.2501,0.341,0.2112,34.34,234.5,0.4405,17.68,3.014,0.08778,0.07207,0.01055,0,0,0,0,0,0,0,0,0
1685,0.2463,0.3439,0.2101,34.8,233.5,0.4384,17.71,3.024,0.08689,0.07096,0.01048,0,0,0,0,0,0,0,0,0
1686,0.2425,0.3466,0.2088,35.27,232.5,0.4366,17.73,3.034,0.08602,0.06997,0.01042,0,0,0,0,0,0,0,0,0
1687,0.2387,0.3492,0.2074,35.73,231.5,0.4352,17.76,3.043,0.08516,0.06908,0.01037,0,0,0,0,0,0,0,0,0
1688,0.2349,0.352,0.2061,36.2,230.4,0.4338,17.78,3.054,0.08436,0.06823,0.01033,0,0,0,0,0,0,0,0,0
1689,0.2309,0.3584,0.2065,36.73,229.3,0.4323,17.8,3.094,0.08423,0.06726,0.01027,0,0,0,0,0,0,0,0,0
1690,0.2272,0.3642,0.2063,37.28,228.2,0.4316,17.79,3.131,0.08398,0.06652,0.01025,0,0,0,0,0,0,0,0,0
1691,0.2234,0.3695,0.2056,37.82,227.1,0.4314,17.77,3.164,0.08366,0.06596,0.01024,0,0,0,0,0,0,0,0,0
1692,0.2196,0.3743,0.2046,38.36,226,0.4314,17.76,3.193,0.08325,0.06553,0.01025,0,0,0,0,0,0,0,0,0
1693,0.2159,0.3788,0.2033,38.9,224.9,0.4315,17.74,3.219,0.08275,0.06516,0.01025,0,0,0,0,0,0,0,0,0
1694,0.2122,0.383,0.2019,39.45,223.7,0.4314,17.73,3.241,0.08216,0.06482,0.01025,0,0,0,0,0,0,0,0,0
1695,0.2086,0.3869,0.2003,39.99,222.5,0.4312,17.71,3.258,0.08148,0.06447,0.01024,0,0,0,0,0,0,0,0,0
1696,0.2051,0.3907,0.1987,40.53,221.3,0.4307,17.69,3.272,0.08073,0.0641,0.01022,0,0,0,0,0,0,0,0,0
1697,0.2017,0.3944,0.197,41.07,220.1,0.4299,17.68,3.282,0.07992,0.06369,0.0102,0,0,0,0,0,0,0,0,0
1698,0.1984,0.398,0.1954,41.62,218.8,0.4288,17.66,3.289,0.07904,0.06322,0.01016,0,0,0,0,0,0,0,0,0
1699,0.1952,0.4016,0.1937,42.16,217.6,0.4275,17.65,3.293,0.07812,0.0627,0.01012,0,0,0,0,0,0,0,0,0
1700,0.192,0.4051,0.1921,42.7,216.3,0.4259,17.63,3.295,0.07717,0.06212,0.01006,0,0,0,0,0,0,0,0,0
1701,0.1889,0.4087,0.1904,43.24,215,0.4241,17.62,3.294,0.07618,0.06149,0.01,0,0,0,0,0,0,0,0,0
1702,0.1859,0.4122,0.1888,43.79,213.7,0.4221,17.6,3.292,0.07518,0.06081,0.009936,0,0,0,0,0,0,0,0,0
1703,0.1829,0.4157,0.1872,44.33,212.4,0.4199,17.59,3.288,0.07417,0.06008,0.009866,0,0,0,0,0,0,0,0,0
1704,0.18,0.4193,0.1856,44.87,211,0.4177,17.57,3.282,0.07314,0.05932,0.009793,0,0,0,0,0,0,0,0,0
1705,0.1771,0.4228,0.184,45.41,209.7,0.4154,17.56,3.275,0.07212,0.05853,0.009717,0,0,0,0,0,0,0,0,0
1706,0.1743,0.4264,0.1825,45.96,208.3,0.413,17.54,3.267,0.0711,0.05772,0.009641,0,0,0,0,0,0,0,0,0
1707,0.1716,0.43,0.1809,46.5,206.9,0.4107,17.53,3.259,0.07008,0.05689,0.009564,0,0,0,0,0,0,0,0,0
1708,0.1688,0.4336,0.1793,47.04,205.5,0.4083,17.51,3.249,0.06908,0.05605,0.009487,0,0,0,0,0,0,0,0,0
1709,0.1661,0.4372,0.1778,47.58,204.1,0.4059,17.5,3.239,0.06808,0.0552,0.00941,0,0,0,0,0,0,0,0,0
1710,0.1635,0.4408,0.1762,48.13,202.6,0.4036,17.48,3.229,0.06709,0.05436,0.009335,0,0,0,0,0,0,0,0,0
1711,0.1608,0.4445,0.1746,48.67,201.2,0.4013,17.47,3.217,0.06611,0.05351,0.009261,0,0,0,0,0,0,0,0,0
1712,0.1582,0.4481,0.173,49.21,199.7,0.399,17.45,3.205,0.06514,0.05267,0.009188,0,0,0,0,0,0,0,0,0
1713,0.1557,0.4517,0.1715,49.75,198.3,0.3968,17.44,3.193,0.06418,0.05183,0.009117,0,0,0,0,0,0,0,0,0
1714,0.1532,0.4554,0.1699,50.3,196.8,0.3945,17.42,3.18,0.06323,0.05101,0.009047,0,0,0,0,0,0,0,0,0
1715,0.1507,0.459,0.1683,50.84,195.3,0.3924,17.4,3.167,0.06229,0.05019,0.008978,0,0,0,0,0,0,0,0,0
1716,0.1482,0.4627,0.1667,51.38,193.7,0.3902,17.39,3.153,0.06137,0.04938,0.00891,0,0,0,0,0,0,0,0,0
1717,0.1458,0.4664,0.1651,51.92,192.2,0.3881,17.37,3.139,0.06045,0.04857,0.008844,0,0,0,0,0,0,0,0,0
1718,0.1434,0.47,0.1635,52.46,190.7,0.386,17.36,3.124,0.05954,0.04778,0.008778,0,0,0,0,0,0,0,0,0
1719,0.141,0.473,0.1617,52.98,189.1,0.3841,17.34,3.105,0.0586,0.04705,0.008718,0,0,0,0,0,0,0,0,0
1720,0.1389,0.4758,0.1598,53.49,187.6,0.3821,17.31,3.082,0.05762,0.04632,0.008657,0,0,0,0,0,0,0,0,0
1721,0.1368,0.4786,0.158,53.99,186,0.3801,17.27,3.058,0.05664,0.04558,0.008592,0,0,0,0,0,0,0,0,0
1722,0.1347,0.4815,0.1562,54.49,184.4,0.3779,17.24,3.034,0.05567,0.04482,0.008525,0,0,0,0,0,0,0,0,0
1723,0.1327,0.4845,0.1544,55,182.9,0.3757,17.2,3.009,0.05471,0.04404,0.008456,0,0,0,0,0,0,0,0,0
1724,0.1307,0.4875,0.1526,55.5,181.3,0.3734,17.16,2.984,0.05377,0.04326,0.008386,0,0,0,0,0,0,0,0,0
1725,0.1287,0.4906,0.1509,56,179.7,0.3711,17.12,2.959,0.05284,0.04247,0.008315,0,0,0,0,0,0,0,0,0
1726,0.1268,0.4938,0.1492,56.51,178.1,0.3688,17.08,2.934,0.05192,0.04169,0.008244,0,0,0,0,0,0,0,0,0
1727,0.1249,0.497,0.1476,57.01,176.5,0.3665,17.04,2.909,0.05102,0.04091,0.008174,0,0,0,0,0,0,0,0,0
1728,0.123,0.5002,0.1459,57.51,174.8,0.3642,17.01,2.883,0.05014,0.04013,0.008105,0,0,0,0,0,0,0,0,0
1729,0.1211,0.5035,0.1443,58.02,173.2,0.3619,16.97,2.858,0.04927,0.03936,0.008037,0,0,0,0,0,0,0,0,0
1730,0.1193,0.5068,0.1427,58.52,171.6,0.3597,16.93,2.833,0.04841,0.0386,0.007969,0,0,0,0,0,0,0,0,0
1731,0.1174,0.5101,0.141,59.02,170,0.3575,16.89,2.808,0.04757,0.03786,0.007903,0,0,0,0,0,0,0,0,0
1732,0.1156,0.5134,0.1394,59.52,168.3,0.3553,16.85,2.782,0.04674,0.03712,0.007838,0,0,0,0,0,0,0,0,0
1733,0.1138,0.5168,0.1378,60.03,166.7,0.3532,16.81,2.757,0.04592,0.03639,0.007774,0,0,0,0,0,0,0,0,0
1734,0.1121,0.5201,0.1362,60.53,165.1,0.3511,16.77,2.731,0.04512,0.03568,0.007711,0,0,0,0,0,0,0,0,0
1735,0.1103,0.5235,0.1346,61.03,163.4,0.349,16.74,2.706,0.04433,0.03498,0.007649,0,0,0,0,0,0,0,0,0
1736,0.1086,0.5269,0.1331,61.54,161.8,0.3469,16.7,2.68,0.04355,0.03429,0.007588,0,0,0,0,0,0,0,0,0
1737,0.1069,0.5303,0.1315,62.04,160.2,0.3449,16.66,2.654,0.04278,0.03361,0.007528,0,0,0,0,0,0,0,0,0
1738,0.1052,0.5337,0.1299,62.54,158.5,0.3429,16.62,2.628,0.04203,0.03294,0.007468,0,0,0,0,0,0,0,0,0
1739,0.1035,0.5371,0.1284,63.05,156.9,0.3409,16.58,2.602,0.04128,0.03229,0.007409,0,0,0,0,0,0,0,0,0
1740,0.1019,0.5405,0.1268,63.55,155.3,0.3389,16.54,2.576,0.04054,0.03164,0.007351,0,0,0,0,0,0,0,0,0
1741,0.1002,0.5439,0.1253,64.05,153.6,0.3369,16.51,2.55,0.03981,0.03101,0.007293,0,0,0,0,0,0,0,0,0
1742,0.09864,0.5472,0.1237,64.55,152,0.3349,16.47,2.524,0.03909,0.03038,0.007236,0,0,0,0,0,0,0,0,0
1743,0.09706,0.5506,0.1222,65.06,150.4,0.333,16.43,2.497,0.03838,0.02977,0.007179,0,0,0,0,0,0,0,0,0
1744,0.09551,0.554,0.1207,65.56,148.8,0.331,16.39,2.471,0.03768,0.02916,0.007123,0,0,0,0,0,0,0,0,0
1745,0.09397,0.5573,0.1191,66.06,147.2,0.3291,16.35,2.444,0.03699,0.02856,0.007067,0,0,0,0,0,0,0,0,0
1746,0.09246,0.5607,0.1176,66.57,145.5,0.3272,16.31,2.417,0.03631,0.02798,0.007011,0,0,0,0,0,0,0,0,0
1747,0.09097,0.564,0.1161,67.07,144,0.3252,16.28,2.39,0.03563,0.0274,0.006955,0,0,0,0,0,0,0,0,0
1748,0.0895,0.5673,0.1147,67.57,142.4,0.3233,16.24,2.363,0.03497,0.02682,0.0069,0,0,0,0,0,0,0,0,0
1749,0.08802,0.5711,0.1132,68.11,140.8,0.3212,16.2,2.337,0.03431,0.02623,0.006841,0,0,0,0,0,0,0,0,0
1750,0.08649,0.5762,0.112,68.76,139.2,0.3187,16.16,2.314,0.03366,0.02554,0.00677,0,0,0,0,0,0,0,0,0
1751,0.08502,0.5812,0.1106,69.41,137.6,0.3163,16.1,2.291,0.03301,0.02488,0.006703,0,0,0,0,0,0,0,0,0
1752,0.08357,0.5861,0.1092,70.07,136.1,0.3141,16.04,2.268,0.03237,0.02425,0.00664,0,0,0,0,0,0,0,0,0
1753,0.08214,0.5909,0.1078,70.73,134.5,0.312,15.98,2.245,0.03174,0.02364,0.00658,0,0,0,0,0,0,0,0,0
1754,0.08072,0.5955,0.1064,71.39,133,0.3099,15.92,2.221,0.03111,0.02306,0.006523,0,0,0,0,0,0,0,0,0
1755,0.07933,0.6,0.105,72.04,131.5,0.308,15.87,2.197,0.0305,0.0225,0.006468,0,0,0,0,0,0,0,0,0
1756,0.07797,0.6044,0.1035,72.7,130,0.306,15.81,2.173,0.02989,0.02196,0.006414,0,0,0,0,0,0,0,0,0
1757,0.07663,0.6087,0.1021,73.36,128.5,0.3041,15.75,2.149,0.0293,0.02144,0.006362,0,0,0,0,0,0,0,0,0
1758,0.07531,0.6129,0.1007,74.02,127,0.3023,15.69,2.125,0.02871,0.02093,0.00631,0,0,0,0,0,0,0,0,0
1759,0.07402,0.6169,0.09922,74.67,125.5,0.3004,15.63,2.1,0.02812,0.02043,0.00626,0,0,0,0,0,0,0,0,0
1760,0.07275,0.6209,0.09779,75.33,124.1,0.2986,15.58,2.075,0.02755,0.01995,0.006209,0,0,0,0,0,0,0,0,0
1761,0.07151,0.6248,0.09637,75.99,122.6,0.2968,15.52,2.05,0.02698,0.01947,0.006159,0,0,0,0,0,0,0,0,0
1762,0.0703,0.6286,0.09496,76.65,121.2,0.2949,15.46,2.025,0.02642,0.01901,0.006109,0,0,0,0,0,0,0,0,0
1763,0.06911,0.6323,0.09356,77.3,119.8,0.2931,15.4,2,0.02587,0.01856,0.006059,0,0,0,0,0,0,0,0,0
1764,0.06795,0.6359,0.09217,77.96,118.4,0.2913,15.34,1.975,0.02533,0.01811,0.006009,0,0,0,0,0,0,0,0,0
1765,0.06681,0.6395,0.0908,78.62,117.1,0.2894,15.29,1.949,0.02479,0.01768,0.005959,0,0,0,0,0,0,0,0,0
1766,0.0657,0.643,0.08945,79.28,115.7,0.2876,15.23,1.924,0.02427,0.01725,0.00591,0,0,0,0,0,0,0,0,0
1767,0.06461,0.6464,0.08811,79.93,114.4,0.2857,15.17,1.898,0.02375,0.01683,0.00586,0,0,0,0,0,0,0,0,0
1768,0.06355,0.6497,0.08679,80.59,113.1,0.2839,15.11,1.873,0.02324,0.01642,0.00581,0,0,0,0,0,0,0,0,0
1769,0.06252,0.653,0.08549,81.25,111.8,0.282,15.06,1.848,0.02274,0.01602,0.00576,0,0,0,0,0,0,0,0,0
1770,0.06151,0.6562,0.0842,81.91,110.5,0.2802,15,1.823,0.02225,0.01562,0.005711,0,0,0,0,0,0,0,0,0
1771,0.06052,0.6593,0.08294,82.56,109.3,0.2783,14.94,1.798,0.02178,0.01523,0.005661,0,0,0,0,0,0,0,0,0
1772,0.05956,0.6624,0.0817,83.22,108,0.2764,14.88,1.773,0.02131,0.01485,0.005612,0,0,0,0,0,0,0,0,0
1773,0.05862,0.6654,0.08048,83.88,106.8,0.2746,14.82,1.749,0.02085,0.01448,0.005563,0,0,0,0,0,0,0,0,0
1774,0.05771,0.6684,0.07929,84.54,105.6,0.2727,14.77,1.724,0.0204,0.01411,0.005514,0,0,0,0,0,0,0,0,0
1775,0.05682,0.6713,0.07811,85.19,104.5,0.2709,14.71,1.701,0.01996,0.01375,0.005466,0,0,0,0,0,0,0,0,0
1776,0.05595,0.6741,0.07696,85.85,103.3,0.269,14.65,1.677,0.01953,0.0134,0.005417,0,0,0,0,0,0,0,0,0
1777,0.05511,0.6769,0.07583,86.51,102.2,0.2672,14.59,1.654,0.01911,0.01306,0.00537,0,0,0,0,0,0,0,0,0
1778,0.05429,0.6796,0.07472,87.17,101.1,0.2654,14.53,1.631,0.01871,0.01272,0.005322,0,0,0,0,0,0,0,0,0
1779,0.05349,0.6823,0.07364,87.82,100.1,0.2636,14.48,1.608,0.01831,0.01239,0.005276,0,0,0,0,0,0,0,0,0
1780,0.05235,0.6895,0.07257,89.39,99.02,0.2591,14.42,1.586,0.01774,0.01172,0.00516,0,0,0,0,0,0,0,0,0
1781,0.05108,0.6972,0.07142,91.24,98.01,0.2544,14.38,1.564,0.01714,0.01103,0.005039,0,0,0,0,0,0,0,0,0
1782,0.04984,0.7044,0.07023,93.11,97.02,0.25,14.34,1.542,0.01656,0.01039,0.004929,0,0,0,0,0,0,0,0,0
1783,0.04863,0.7111,0.06901,94.98,96.05,0.246,14.3,1.522,0.01602,0.009814,0.004829,0,0,0,0,0,0,0,0,0
1784,0.04747,0.7173,0.06778,96.85,95.12,0.2424,14.27,1.501,0.0155,0.009284,0.004737,0,0,0,0,0,0,0,0,0
1785,0.04634,0.7231,0.06655,98.73,94.21,0.239,14.23,1.481,0.015,0.008797,0.004652,0,0,0,0,0,0,0,0,0
1786,0.04526,0.7285,0.06532,100.6,93.33,0.2358,14.19,1.462,0.01453,0.008348,0.004574,0,0,0,0,0,0,0,0,0
1787,0.04421,0.7335,0.0641,102.5,92.47,0.2328,14.15,1.443,0.01408,0.007934,0.004501,0,0,0,0,0,0,0,0,0
1788,0.04321,0.7383,0.0629,104.3,91.64,0.23,14.11,1.424,0.01365,0.007549,0.004433,0,0,0,0,0,0,0,0,0
1789,0.04224,0.7428,0.06173,106.2,90.84,0.2274,14.08,1.406,0.01324,0.007192,0.004369,0,0,0,0,0,0,0,0,0
1790,0.04132,0.7471,0.06057,108.1,90.07,0.2249,14.04,1.389,0.01285,0.006859,0.004308,0,0,0,0,0,0,0,0,0
1791,0.04043,0.7511,0.05945,109.9,89.33,0.2225,14,1.372,0.01248,0.006547,0.004251,0,0,0,0,0,0,0,0,0
1792,0.03958,0.7549,0.05835,111.8,88.62,0.2202,13.96,1.356,0.01212,0.006256,0.004196,0,0,0,0,0,0,0,0,0
1793,0.03877,0.7585,0.05729,113.7,87.94,0.2181,13.93,1.34,0.01179,0.005984,0.004144,0,0,0,0,0,0,0,0,0
1794,0.03799,0.7619,0.05625,115.6,87.28,0.216,13.89,1.325,0.01146,0.005727,0.004094,0,0,0,0,0,0,0,0,0
1795,0.03724,0.7652,0.05525,117.4,86.66,0.214,13.85,1.31,0.01115,0.005486,0.004047,0,0,0,0,0,0,0,0,0
1796,0.03653,0.7683,0.05429,119.3,86.06,0.212,13.81,1.296,0.01086,0.005259,0.004001,0,0,0,0,0,0,0,0,0
1797,0.03585,0.7713,0.05336,121.2,85.5,0.2102,13.78,1.282,0.01058,0.005045,0.003957,0,0,0,0,0,0,0,0,0
1798,0.0352,0.7742,0.05246,123,84.97,0.2084,13.74,1.269,0.01031,0.004843,0.003914,0,0,0,0,0,0,0,0,0
1799,0.03458,0.7769,0.05159,124.9,84.46,0.2066,13.7,1.256,0.01006,0.004651,0.003873,0,0,0,0,0,0,0,0,0
1800,0.03399,0.7795,0.05076,126.8,83.99,0.2049,13.66,1.244,0.009813,0.004471,0.003834,0,0,0,0,0,0,0,0,0
1801,0.03343,0.7821,0.04997,128.7,83.55,0.2033,13.63,1.233,0.009582,0.004299,0.003796,0,0,0,0,0,0,0,0,0
1802,0.0329,0.7845,0.0492,130.5,83.14,0.2017,13.59,1.222,0.009362,0.004137,0.003759,0,0,0,0,0,0,0,0,0
1803,0.03239,0.7868,0.04847,132.4,82.76,0.2001,13.55,1.212,0.009152,0.003983,0.003723,0,0,0,0,0,0,0,0,0
1804,0.03191,0.789,0.04777,134.3,82.41,0.1986,13.51,1.202,0.008953,0.003837,0.003689,0,0,0,0,0,0,0,0,0
1805,0.03145,0.7912,0.04711,136.1,82.09,0.1972,13.48,1.193,0.008763,0.003698,0.003656,0,0,0,0,0,0,0,0,0
1806,0.03102,0.7933,0.04647,138,81.81,0.1958,13.44,1.185,0.008583,0.003567,0.003624,0,0,0,0,0,0,0,0,0
1807,0.03061,0.7953,0.04586,139.9,81.55,0.1944,13.4,1.177,0.008412,0.003442,0.003593,0,0,0,0,0,0,0,0,0
1808,0.03022,0.7973,0.04528,141.8,81.33,0.1931,13.36,1.17,0.008251,0.003323,0.003563,0,0,0,0,0,0,0,0,0
1809,0.02986,0.7991,0.04474,143.6,81.14,0.1919,13.33,1.163,0.008097,0.00321,0.003534,0,0,0,0,0,0,0,0,0
1810,0.02944,0.8015,0.04414,146,80.98,0.1899,13.29,1.155,0.007909,0.00307,0.003491,0,0,0,0,0,0,0,0,0
1811,0.02894,0.8045,0.04346,149.1,80.86,0.1872,13.26,1.144,0.007672,0.002895,0.003428,0,0,0,0,0,0,0,0,0
1812,0.02844,0.8073,0.04279,152.3,80.76,0.1845,13.23,1.134,0.007447,0.002731,0.003367,0,0,0,0,0,0,0,0,0
1813,0.02797,0.81,0.04216,155.5,80.7,0.1819,13.21,1.125,0.007236,0.00258,0.003311,0,0,0,0,0,0,0,0,0
1814,0.02753,0.8126,0.04156,158.7,80.67,0.1795,13.19,1.117,0.007039,0.002441,0.003257,0,0,0,0,0,0,0,0,0
1815,0.02711,0.815,0.041,161.9,80.67,0.1772,13.16,1.11,0.006854,0.002311,0.003206,0,0,0,0,0,0,0,0,0
1816,0.02672,0.8174,0.04046,165.1,80.71,0.175,13.14,1.103,0.006681,0.002191,0.003159,0,0,0,0,0,0,0,0,0
1817,0.02635,0.8196,0.03996,168.4,80.77,0.173,13.11,1.098,0.00652,0.00208,0.003113,0,0,0,0,0,0,0,0,0
1818,0.02601,0.8218,0.03948,171.6,80.87,0.171,13.09,1.093,0.006368,0.001976,0.00307,0,0,0,0,0,0,0,0,0
1819,0.02569,0.8238,0.03903,174.8,81,0.1691,13.07,1.088,0.006227,0.001879,0.00303,0,0,0,0,0,0,0,0,0
1820,0.02539,0.8258,0.03861,178,81.16,0.1673,13.04,1.085,0.006095,0.001789,0.002991,0,0,0,0,0,0,0,0,0
1821,0.02511,0.8277,0.03821,181.2,81.36,0.1656,13.02,1.082,0.005971,0.001706,0.002955,0,0,0,0,0,0,0,0,0
1822,0.02485,0.8295,0.03784,184.4,81.58,0.164,13,1.08,0.005856,0.001627,0.00292,0,0,0,0,0,0,0,0,0
1823,0.0246,0.8313,0.03749,187.6,81.84,0.1625,12.97,1.078,0.005748,0.001554,0.002887,0,0,0,0,0,0,0,0,0
1824,0.02438,0.833,0.03717,190.8,82.13,0.161,12.95,1.077,0.005647,0.001485,0.002856,0,0,0,0,0,0,0,0,0
1825,0.02417,0.8346,0.03687,194,82.45,0.1597,12.93,1.077,0.005553,0.001421,0.002827,0,0,0,0,0,0,0,0,0
